7.124851969423343480e-23 1.522985269104589999e-23 1.390437577180466807e-23 1.113166316015568445e-23 1.097881742066232799e-23 1.158733752662432905e-23 1.185511594592346944e-23 1.047765420117915613e-23 8.124955281354750447e-24 7.473442781001781587e-24 5.798334001918549883e-24 7.078539222988633988e-24 5.944419562978889072e-24 5.727948635128991771e-24 4.923903081701613982e-24 5.403589066057262245e-24 4.999607399443805571e-24 3.874599232216833524e-24 4.248699986506221168e-24 3.888213773319233304e-24 3.904800147877249542e-24 3.590792704386201236e-24 3.986285361681302886e-24 3.509935388349847657e-24 2.848051456323258661e-24 3.863065189582700651e-24 3.979350862205865764e-24 3.054536186788691138e-24 2.869442961283735338e-24 2.833994173491087944e-24 2.496509606829629334e-24 2.476920405003196972e-24 2.398771123539639378e-24 2.140655048378495182e-24 1.974514222278251721e-24 1.561189897083806313e-24 1.480797835673223489e-24 1.296485630931588820e-24 2.267741579359530136e-24 1.608613511800062706e-24 1.651190941151954600e-24 2.781179012043424986e-24 1.611191199894570028e-24 1.051436578091074740e-24 1.077400645772577089e-24 1.381678394605572501e-24 1.950010144142437810e-24 1.326251309617381758e-24 1.861127781224661568e-24 1.710415476565779415e-24 2.518420163079461866e-24
1.522985269104589999e-23 5.654480201973979725e-23 1.556409351966228726e-23 1.246470883924828239e-23 1.184754198102851263e-23 1.042056614962965587e-23 1.004888415127179870e-23 1.023353684132481260e-23 8.072605588269447713e-24 8.342005828568871447e-24 6.167845389880500577e-24 7.691281343777450334e-24 6.253832388133237735e-24 5.857409328470952718e-24 5.618166029189621038e-24 5.972258417290520161e-24 5.058004547747747715e-24 4.778274350995202206e-24 3.997362490165123280e-24 3.737097925588292250e-24 4.471510018170777573e-24 3.268800739003883381e-24 3.930932706762402061e-24 3.601448062779061860e-24 3.756687114300018095e-24 3.486279692535022331e-24 3.776272939173464992e-24 3.310896740353895809e-24 2.551488831419847351e-24 3.584631617818659213e-24 2.899004945922196904e-24 3.299781088067566951e-24 1.623101656336393889e-24 2.103159667218339982e-24 2.204146884816293212e-24 2.150223967482525360e-24 1.755855065597340662e-24 1.910899667602520568e-24 2.002531716400257920e-24 1.044474261072180725e-24 1.767416031898878123e-24 2.592989106780903822e-24 1.684735836235212355e-24 1.552501335656935329e-24 1.387573372288671206e-24 9.116413448769983665e-25 1.330620841760838443e-24 1.284674927611729397e-24 2.187996946558828085e-24 6.935556664024750265e-25 1.242655512417939413e-24
1.390437577180466807e-23 1.556409351966228726e-23 5.618078181805303751e-23 1.178894441736654271e-23 1.105098963057689299e-23 1.041080912781309079e-23 8.897322222281097410e-24 9.366859323024279100e-24 8.447931078839233276e-24 8.265563232348876395e-24 6.061802921975753458e-24 6.364550450280910788e-24 5.806822973978991385e-24 5.493925164400460001e-24 4.794087607082559122e-24 5.151705709561546335e-24 4.803354494105943012e-24 4.346018576407348508e-24 3.996606006333852473e-24 3.302013495860598797e-24 3.738450862131396216e-24 3.077064419875150160e-24 3.566473697671801168e-24 3.323230787699836890e-24 3.133371534375934672e-24 3.301061577648289885e-24 3.448955068548924950e-24 2.857853341566740369e-24 2.336644193987169427e-24 2.371737654524285410e-24 3.141783434000451310e-24 2.602614479067633630e-24 2.224091783148406170e-24 1.987450519760352487e-24 2.255262840582684146e-24 2.423914863947991268e-24 1.538792676619929555e-24 1.739658450230690532e-24 1.616061165563331346e-24 1.672565310926452467e-24 1.851098706895748680e-24 2.064842203144597476e-24 1.382514947361521141e-24 1.038682978775755951e-24 1.396301495233627156e-24 4.058321412522177322e-25 1.402380716802729046e-24 1.149645495191170130e-24 8.661307351591968524e-25 6.647812183031836677e-25 1.941190057535332763e-24
1.113166316015568445e-23 1.246470883924828239e-23 1.178894441736654271e-23 4.066280191300649910e-23 1.094100726165280655e-23 9.243106890504810474e-24 7.439094773505057237e-24 8.844536228327344168e-24 7.372760354298985061e-24 6.862901284125975651e-24 5.830807213946100027e-24 5.549419105501089927e-24 5.578564968323046895e-24 5.554796259847309330e-24 4.684845648872661378e-24 5.081094028215117156e-24 5.060306930417338202e-24 3.802413634247177769e-24 3.881675334731431930e-24 3.081146247750272883e-24 3.348815772140406766e-24 2.736024220488774339e-24 3.427089368686162193e-24 3.025083463314806793e-24 2.580753296520068644e-24 2.846540981754142814e-24 3.180430153672618363e-24 2.382021259804149317e-24 2.352308708318961002e-24 2.647876959009094338e-24 2.337111751919180097e-24 2.823212890683853886e-24 2.232071495148659149e-24 2.162714709318376679e-24 1.825713228837437287e-24 1.892694438871743553e-24 1.655208061167899254e-24 2.238974034936813527e-24 1.726616520560024214e-24 1.379997083406922286e-24 1.241547475699754562e-24 1.682516530732900398e-24 1.838702176822965512e-24 1.675559600047975206e-24 1.174935219904685610e-24 8.140272821168648123e-25 1.532684813977468318e-24 1.025603847045081948e-24 1.491467299170826221e-24 9.449515349638784554e-25 1.038915061519753707e-24
1.097881742066232799e-23 1.184754198102851263e-23 1.105098963057689299e-23 1.094100726165280655e-23 4.083807844918640533e-23 1.027487904050834854e-23 8.867208966202376468e-24 8.522018019365497534e-24 7.705240190985410739e-24 7.195596520130493324e-24 6.255614094787534090e-24 6.321331804492622168e-24 5.820413354384595759e-24 5.392789488622985931e-24 4.388067392834920537e-24 4.610373413114290039e-24 3.733879810948676853e-24 3.748217034555528550e-24 3.211345527761393046e-24 2.533060383135218834e-24 2.790984037675003849e-24 2.230854608921040693e-24 2.797656590823661174e-24 2.621693137977640824e-24 2.434031455930550074e-24 2.793797836157216529e-24 3.176029338281226631e-24 2.179076859690972952e-24 2.396369704638155467e-24 2.727693252031101408e-24 2.131293426649430113e-24 2.228423852051048575e-24 2.003953334593888918e-24 1.742821548005154641e-24 1.415588855856786336e-24 2.056889932961035206e-24 1.502748356590735332e-24 1.681720010444223938e-24 1.652234477620410527e-24 1.444596952631133521e-24 1.310057282719863072e-24 1.422542435313861203e-24 1.093385370135371949e-24 7.548495923562980083e-25 1.381606363234700527e-24 7.956041766986416679e-25 1.299300871511825129e-24 9.801818827543887199e-25 1.275579418468904293e-24 8.835077818687211253e-25 1.404339590334038660e-24
1.158733752662432905e-23 1.042056614962965587e-23 1.041080912781309079e-23 9.243106890504810474e-24 1.027487904050834854e-23 2.922491717252079905e-23 9.063366884365732392e-24 8.465024347813680078e-24 7.277946457920358917e-24 6.598262057896166970e-24 5.774732931989438814e-24 6.364327183493581482e-24 6.045330762272042409e-24 5.476916083719588241e-24 4.341656599046308479e-24 4.609799745344836222e-24 4.604835788051435803e-24 3.644544658306126837e-24 3.736616533808604295e-24 2.815354945947586120e-24 2.890273827833384296e-24 2.741068875848244414e-24 3.074365116216352918e-24 2.774641675667289452e-24 2.252865870285599936e-24 3.329937776091288759e-24 2.718702014307788489e-24 2.459658718703105832e-24 2.004003704087657331e-24 2.299503012822988096e-24 1.899259919913090611e-24 2.194418656272338483e-24 1.872243461594904122e-24 1.375614099560462538e-24 1.930299335207768587e-24 1.815998985537840608e-24 1.546711850838169064e-24 1.369944311325180353e-24 1.900069792398747956e-24 7.895146711053050591e-25 1.625914177924413721e-24 1.379210230657592133e-24 1.278332428063208094e-24 1.072532220960735185e-24 1.223992244298353792e-24 1.165383195821158428e-24 9.392434329070304985e-25 1.256270744184527148e-24 1.544496047340669780e-24 6.681287847844055370e-25 1.134359298378848269e-24
1.185511594592346944e-23 1.004888415127179870e-23 8.897322222281097410e-24 7.439094773505057237e-24 8.867208966202376468e-24 9.063366884365732392e-24 2.645185312124886610e-23 7.777935204723755223e-24 7.103732599931713519e-24 6.010665922961852982e-24 5.276361798715960269e-24 6.109399031596872237e-24 5.290958880126512223e-24 4.436572023438535830e-24 3.863782376503657686e-24 4.479236048949885889e-24 3.698831231762913476e-24 3.509890148143347840e-24 2.931123293617066812e-24 2.439142322014425272e-24 2.479384686156332890e-24 2.365158823193353906e-24 2.949368775575306631e-24 2.664307247310084979e-24 2.234096385477603128e-24 3.117559024645918199e-24 2.585259886150849594e-24 2.104286431464431401e-24 2.066281972686811458e-24 1.669377979260337601e-24 1.670436955892926307e-24 1.996708346919833066e-24 1.787535187928142493e-24 1.537161944739852286e-24 1.512749091053315819e-24 2.039815674917256913e-24 1.348511242226267218e-24 1.327412742068857085e-24 1.320198282103708645e-24 1.144520045851650611e-24 1.397585893670709694e-24 1.569888395424691632e-24 8.595429549597098995e-25 1.216693898251878128e-24 8.793827241012071730e-25 8.342291779198667033e-25 1.125965072979207122e-24 1.432368073324593640e-24 1.187275765117335727e-24 5.188709728699804665e-25 1.413597799912152520e-24
1.047765420117915613e-23 1.023353684132481260e-23 9.366859323024279100e-24 8.844536228327344168e-24 8.522018019365497534e-24 8.465024347813680078e-24 7.777935204723755223e-24 2.981565267954805109e-23 7.341931816893870703e-24 6.660338071774834462e-24 5.390827870933127530e-24 6.003095268042757372e-24 5.049808676563882557e-24 4.542462675780712960e-24 4.176755111436664383e-24 4.903448136244194939e-24 3.861288359698820041e-24 3.359044466089731934e-24 3.070587421995878381e-24 3.066424018382041067e-24 2.499480367365591804e-24 2.041785803625997458e-24 2.579959564763372509e-24 2.494299873524479982e-24 2.377350219576079551e-24 2.661994749523183918e-24 2.398451340351364719e-24 2.172095186469155359e-24 2.138387454507446085e-24 2.302190835060069377e-24 1.866185905702858239e-24 1.938555470654654284e-24 1.460661713317365257e-24 1.668999919432434397e-24 1.740997174481041466e-24 1.619412493394603892e-24 1.289570102052326829e-24 1.210021027552370012e-24 1.496929794285902771e-24 9.794382907995706069e-25 8.469740803352407758e-25 1.474973286628112564e-24 1.455531822966717836e-24 1.357297140626296388e-24 9.689709512375058866e-25 6.368071752693487641e-25 9.125873656223279543e-25 1.076636783842876498e-24 1.473547704364620025e-24 7.281622034020154765e-25 1.753102651204672881e-24
8.124955281354750447e-24 8.072605588269447713e-24 8.447931078839233276e-24 7.372760354298985061e-24 7.705240190985410739e-24 7.277946457920358917e-24 7.103732599931713519e-24 7.341931816893870703e-24 2.872847878501973532e-23 6.123968590370925292e-24 5.289952976934535990e-24 5.235016299355885174e-24 4.980728009963328513e-24 4.544265011358266543e-24 4.090817129539950679e-24 4.121450621966719389e-24 3.854804646611916651e-24 3.541953667413760083e-24 2.939968332429073643e-24 2.539112653026952974e-24 2.323154289460663261e-24 2.036037831393125872e-24 2.588835007106270800e-24 2.164670073443413664e-24 2.493758424552735487e-24 2.666675884098848245e-24 1.922816469532901405e-24 2.062098509380331193e-24 2.090146304237105984e-24 1.645217019423012405e-24 1.630405240746791050e-24 2.034771603984747231e-24 1.676719320430330308e-24 1.509498869026303345e-24 1.433827403166870266e-24 1.392510373774047216e-24 1.244667737087213202e-24 1.435563624555252237e-24 1.432995016923359198e-24 1.109553562222052001e-24 1.369106601661427469e-24 1.761474553305619153e-24 9.684489752397890604e-25 1.343525339871633512e-24 1.089106026114618351e-24 5.756707103209483366e-25 1.132911286713585851e-24 7.725023541117923379e-25 9.388620179642104736e-25 9.431647038374241581e-25 1.252050345735333897e-24
7.473442781001781587e-24 8.342005828568871447e-24 8.265563232348876395e-24 6.862901284125975651e-24 7.195596520130493324e-24 6.598262057896166970e-24 6.010665922961852982e-24 6.660338071774834462e-24 6.123968590370925292e-24 1.988994770838291138e-23 5.194268375930747505e-24 5.179573313084860124e-24 4.307573419746427452e-24 4.261569956464558062e-24 3.600881060295821733e-24 4.135389125743255067e-24 3.869426560789374694e-24 3.326642470768162710e-24 3.044937756545161603e-24 2.596341007757007754e-24 2.528960797676667526e-24 1.853135165929560827e-24 2.538830682193396182e-24 2.352378449691972740e-24 2.504577449596796156e-24 2.568158304689082425e-24 2.309328189878033072e-24 1.912739141696459019e-24 1.821003172142074464e-24 1.611951690204709652e-24 1.616513849954098397e-24 1.748941133034378911e-24 1.417285092238577887e-24 1.332526029986748455e-24 1.295650106081070535e-24 1.591982953193036721e-24 1.254523908061278636e-24 1.142382082919133216e-24 1.158821190782536188e-24 1.000720961122430234e-24 1.280686551604667365e-24 1.369944610471967758e-24 1.023349242026981818e-24 7.080408508622505559e-25 7.240208093938012998e-25 7.713978787718832793e-25 1.228459061284292865e-24 1.115764265450560100e-24 1.109850247837983487e-24 9.661780251588154412e-25 4.604255927151665482e-25
5.798334001918549883e-24 6.167845389880500577e-24 6.061802921975753458e-24 5.830807213946100027e-24 6.255614094787534090e-24 5.774732931989438814e-24 5.276361798715960269e-24 5.390827870933127530e-24 5.289952976934535990e-24 5.194268375930747505e-24 2.219331519810678759e-23 4.936656867690221596e-24 4.204932990871879980e-24 3.708899607586776754e-24 3.266663729845295154e-24 3.730351638933972686e-24 3.253011464243414895e-24 3.074509594764260008e-24 2.525996465501170567e-24 2.039868153610982906e-24 2.219264060782653782e-24 1.868953497714255894e-24 2.252842133017374834e-24 1.938050037601838810e-24 1.983305393758618330e-24 2.103002933842600543e-24 1.923440864896871633e-24 1.616562652626616052e-24 1.400149130500374096e-24 1.664611793884746065e-24 1.149673219837382857e-24 1.445979987251740882e-24 1.066400427523787748e-24 7.861587809317511115e-25 8.860799339538938072e-25 1.124592251771343412e-24 7.416403845988776017e-25 8.683483868712851795e-25 8.190638714023332663e-25 5.815678288990941783e-25 5.602690300690954709e-25 9.948055085966355026e-25 4.041281976209558836e-25 7.097459522292120393e-25 4.560969686487857367e-25 6.238225425212810101e-25 5.892693128144888376e-25 3.938494462169825398e-25 7.035662330850304424e-25 8.048479434578651414e-25 1.295492249200393060e-24
7.078539222988633988e-24 7.691281343777450334e-24 6.364550450280910788e-24 5.549419105501089927e-24 6.321331804492622168e-24 6.364327183493581482e-24 6.109399031596872237e-24 6.003095268042757372e-24 5.235016299355885174e-24 5.179573313084860124e-24 4.936656867690221596e-24 1.931980714807033078e-23 4.806739778071351645e-24 4.057629263035332813e-24 3.398532847949937203e-24 4.176232121042918537e-24 3.607994681655248253e-24 3.085038094538644511e-24 2.977494185324503651e-24 2.411174891986321515e-24 2.701837442916910075e-24 2.027689606599896215e-24 2.409947283900572007e-24 1.904076230116439056e-24 2.198866897629970114e-24 2.103269515609582246e-24 2.046162758867601775e-24 1.495755904387566893e-24 1.329861715963412962e-24 1.457091410181741097e-24 9.114254833584128212e-25 1.375797326777525437e-24 1.032269422768909391e-24 7.289872987978670364e-25 1.223711990763178783e-24 1.199999215850898489e-24 1.211748176328461093e-24 9.837417904886484686e-25 1.127516368620879022e-24 7.481987848315133475e-25 9.626035313790322017e-25 1.298047916661785293e-24 9.666146549851295332e-25 7.192851028963813211e-25 6.296347829877415258e-25 7.298388892763464592e-25 9.755573786322872861e-25 5.344973047348234237e-25 9.191626520243270469e-25 5.890352896845343593e-25 9.976189621475612282e-25
5.944419562978889072e-24 6.253832388133237735e-24 5.806822973978991385e-24 5.578564968323046895e-24 5.820413354384595759e-24 6.045330762272042409e-24 5.290958880126512223e-24 5.049808676563882557e-24 4.980728009963328513e-24 4.307573419746427452e-24 4.204932990871879980e-24 4.806739778071351645e-24 1.855418578946282702e-23 3.675297375411874215e-24 3.246752045546566862e-24 3.585536775987452347e-24 3.175441278694502973e-24 3.157243497294855120e-24 2.815241126622023627e-24 2.496523135614235207e-24 2.340621572797041635e-24 1.839169791141175895e-24 2.041002439939688497e-24 1.929248413094604587e-24 1.791907813748342447e-24 1.722679336772908072e-24 2.027347113511811216e-24 1.710464973705721325e-24 1.581474351700254952e-24 1.260288355676096189e-24 1.660599464968490551e-24 1.740193759232680921e-24 1.100282294722681579e-24 8.875274405605539228e-25 1.368764827174107108e-24 1.250875395135368029e-24 1.460336263767042303e-24 9.359522921829296222e-25 1.045601323110860670e-24 5.521756212751963851e-25 8.155687202119677161e-25 1.305594824421466116e-24 7.778832799877789358e-25 9.398559882171925648e-25 5.713678966897771957e-25 6.303545156948348328e-25 8.661108479254208372e-25 4.570116088832934481e-25 1.002075588667122328e-24 8.156621503277020644e-25 8.712099764351232145e-25
5.727948635128991771e-24 5.857409328470952718e-24 5.493925164400460001e-24 5.554796259847309330e-24 5.392789488622985931e-24 5.476916083719588241e-24 4.436572023438535830e-24 4.542462675780712960e-24 4.544265011358266543e-24 4.261569956464558062e-24 3.708899607586776754e-24 4.057629263035332813e-24 3.675297375411874215e-24 1.716887937284209612e-23 3.456089179882387120e-24 3.552583181618127116e-24 2.923078665635712960e-24 2.794953769183989453e-24 2.772631879467772383e-24 2.378005961372448753e-24 2.199597747998861054e-24 1.900852742416252907e-24 2.313821589536060695e-24 1.820561665014261972e-24 1.974469640821088971e-24 1.626786231473578586e-24 1.798507039518606190e-24 1.445648929156241479e-24 1.543196160132274492e-24 1.661174488365356241e-24 1.245920182045589366e-24 1.568675400770206931e-24 1.225510338125435524e-24 1.075281335613437456e-24 1.034321355637306203e-24 1.174897228578748595e-24 1.190733544106734742e-24 1.108259099056140388e-24 1.180098909523864435e-24 6.750024725630157179e-25 1.013088727251082412e-24 9.960177977916100704e-25 1.048538936820338642e-24 8.957850075935815067e-25 1.093110948021511150e-24 6.870604935081315007e-25 7.176384260157779029e-25 4.117686886796186448e-25 9.980142695286550923e-25 3.873766023280978276e-25 6.373648383372499645e-25
4.923903081701613982e-24 5.618166029189621038e-24 4.794087607082559122e-24 4.684845648872661378e-24 4.388067392834920537e-24 4.341656599046308479e-24 3.863782376503657686e-24 4.176755111436664383e-24 4.090817129539950679e-24 3.600881060295821733e-24 3.266663729845295154e-24 3.398532847949937203e-24 3.246752045546566862e-24 3.456089179882387120e-24 1.765809443823509397e-23 3.555141932873418574e-24 2.656717558400714302e-24 2.280201168690343373e-24 2.288491222682719135e-24 2.024234984178780202e-24 1.802839152868303366e-24 1.563273438043483348e-24 1.930163879755984673e-24 1.673519764521755748e-24 1.756221202135288123e-24 1.647571911028973672e-24 1.437518744285803320e-24 1.481786579306793243e-24 1.420503608747448918e-24 1.146367696983797405e-24 1.275585998530147836e-24 1.346786814323234636e-24 1.036910460417001777e-24 1.023973400478692664e-24 8.248587591283638484e-25 1.064618348021578649e-24 1.213610734379381402e-24 8.474635228756404553e-25 7.705890778666591370e-25 3.162087363285290226e-25 6.412923055580012762e-25 8.106130982702800600e-25 7.454460152700412915e-25 5.540062977984458027e-25 5.562645996848328728e-25 8.098615683941386830e-25 4.511605518908441088e-25 1.965206881293657623e-25 8.302152500788245173e-25 6.447908741825064058e-25 5.891063002712177319e-25
5.403589066057262245e-24 5.972258417290520161e-24 5.151705709561546335e-24 5.081094028215117156e-24 4.610373413114290039e-24 4.609799745344836222e-24 4.479236048949885889e-24 4.903448136244194939e-24 4.121450621966719389e-24 4.135389125743255067e-24 3.730351638933972686e-24 4.176232121042918537e-24 3.585536775987452347e-24 3.552583181618127116e-24 3.555141932873418574e-24 1.775637442687211367e-23 3.451132759491270110e-24 2.527577467726116876e-24 2.434014822043946305e-24 2.283508533503954874e-24 2.669893482289908828e-24 2.245958256209714316e-24 2.373251051690412744e-24 2.383487259947622529e-24 2.063208309786380789e-24 1.996362242029562294e-24 1.798732933493544685e-24 1.799562385661510907e-24 1.555392025955718442e-24 1.447178287121577884e-24 1.225033192629723101e-24 1.358071269404176404e-24 1.173514938891588289e-24 1.056602263408090173e-24 1.087066291889321050e-24 1.376330967639157464e-24 8.606597090984300225e-25 9.563408533390784390e-25 9.605696917462025832e-25 6.364859344877364736e-25 9.302474997911381173e-25 1.284634512053328944e-24 1.310522433678305993e-24 7.980864088671621325e-25 9.237928360880738600e-25 7.264196429202046800e-25 1.020220882727420624e-24 3.921733827277262694e-25 1.248848594738066684e-24 5.963635856553001031e-25 7.851262093796090586e-25
4.999607399443805571e-24 5.058004547747747715e-24 4.803354494105943012e-24 5.060306930417338202e-24 3.733879810948676853e-24 4.604835788051435803e-24 3.698831231762913476e-24 3.861288359698820041e-24 3.854804646611916651e-24 3.869426560789374694e-24 3.253011464243414895e-24 3.607994681655248253e-24 3.175441278694502973e-24 2.923078665635712960e-24 2.656717558400714302e-24 3.451132759491270110e-24 1.527388102695752820e-23 2.765774394860522551e-24 2.626290868557561687e-24 2.124754317528658754e-24 2.009664082905329856e-24 1.895810810443836752e-24 2.078141296356129714e-24 1.786843355318435678e-24 1.819244560231310473e-24 1.612574730920765940e-24 1.798372603519450367e-24 1.142448075863686173e-24 1.254516782138245021e-24 1.124373039421094504e-24 1.219358423855284501e-24 1.289137911565002681e-24 1.147554927752651024e-24 9.656348390761822419e-25 1.121349716264232534e-24 9.734992811594590324e-25 8.843751263480265975e-25 1.136883737280421660e-24 7.225222905316428833e-25 5.360280422706761408e-25 6.558003702657736191e-25 9.013965549233542394e-25 7.796903658515606198e-25 3.965432561198427279e-25 6.204156475804757410e-25 8.986223252940129919e-25 3.493964811944044919e-25 3.787692723683023279e-25 9.885762013644666856e-25 9.940282856080600736e-25 6.845777409865221560e-25
3.874599232216833524e-24 4.778274350995202206e-24 4.346018576407348508e-24 3.802413634247177769e-24 3.748217034555528550e-24 3.644544658306126837e-24 3.509890148143347840e-24 3.359044466089731934e-24 3.541953667413760083e-24 3.326642470768162710e-24 3.074509594764260008e-24 3.085038094538644511e-24 3.157243497294855120e-24 2.794953769183989453e-24 2.280201168690343373e-24 2.527577467726116876e-24 2.765774394860522551e-24 1.139388419072701757e-23 2.544744988698647288e-24 2.110404110412190537e-24 1.838965433862579288e-24 1.731480938738530179e-24 2.142203177775087299e-24 1.578216196926619283e-24 1.757095809050458584e-24 1.410391958628659652e-24 1.389684819492388448e-24 1.429033745790857909e-24 9.848960537390492977e-25 1.065163425791148053e-24 1.089625891610367361e-24 1.082245672874424002e-24 6.914193634734466597e-25 1.090167451368596962e-24 6.768098017941694923e-25 8.856127574502437938e-25 1.028560748130800055e-24 9.502737592640628321e-25 1.031777586662447959e-24 6.416949125631643573e-25 7.383291272051886405e-25 1.195227038007550098e-24 6.419158431239490008e-25 8.144176470206060642e-25 6.974557372146784379e-25 5.651708253789198659e-25 1.121496852706050081e-24 5.772212700654710990e-25 7.116318035080778703e-25 5.424078434004231441e-25 8.001005850741996437e-25
4.248699986506221168e-24 3.997362490165123280e-24 3.996606006333852473e-24 3.881675334731431930e-24 3.211345527761393046e-24 3.736616533808604295e-24 2.931123293617066812e-24 3.070587421995878381e-24 2.939968332429073643e-24 3.044937756545161603e-24 2.525996465501170567e-24 2.977494185324503651e-24 2.815241126622023627e-24 2.772631879467772383e-24 2.288491222682719135e-24 2.434014822043946305e-24 2.626290868557561687e-24 2.544744988698647288e-24 1.571459253250322498e-23 2.225107779534647295e-24 1.977393424082088898e-24 1.933419250141112503e-24 1.984610694990850778e-24 1.725798342717703232e-24 1.634046085262932003e-24 1.949382194212644220e-24 1.501577130962437389e-24 1.289830712020322112e-24 1.113907271644967341e-24 1.184395725727028587e-24 1.139867285543726569e-24 9.008275455210848389e-25 9.307079201097208138e-25 9.441610602820550695e-25 7.858696338531538706e-25 8.682181815920446694e-25 8.310640972188637664e-25 7.179125601446557841e-25 7.209516254632699812e-25 5.983600515104738077e-25 3.793775988243412849e-25 9.254080315064012879e-25 9.495871432057426256e-25 5.408714934988577996e-25 4.077649072857026930e-25 7.264382451485936057e-25 5.631903223763043561e-25 3.137327553141476030e-25 5.929275815511395479e-25 6.048667229961667174e-25 3.939150980837037974e-25
3.888213773319233304e-24 3.737097925588292250e-24 3.302013495860598797e-24 3.081146247750272883e-24 2.533060383135218834e-24 2.815354945947586120e-24 2.439142322014425272e-24 3.066424018382041067e-24 2.539112653026952974e-24 2.596341007757007754e-24 2.039868153610982906e-24 2.411174891986321515e-24 2.496523135614235207e-24 2.378005961372448753e-24 2.024234984178780202e-24 2.283508533503954874e-24 2.124754317528658754e-24 2.110404110412190537e-24 2.225107779534647295e-24 1.186851776358854719e-23 1.889471435069842349e-24 1.578578344791913518e-24 1.832515765350191176e-24 1.581807416506573458e-24 1.497344825122125914e-24 1.196959710130137962e-24 1.770852335477478786e-24 1.189132724595229057e-24 1.052462737497575642e-24 1.128374103974532944e-24 8.595995404680576586e-25 9.934836400238262437e-25 6.165769699351805824e-25 6.783633951567158595e-25 6.251671994474609872e-25 7.406389986263396944e-25 6.626544349782916178e-25 7.326170415576037371e-25 6.428328624338745970e-25 4.587513121799639191e-25 5.488911075181955596e-25 7.262937613096642089e-25 5.479031122254098261e-25 5.877173522243839538e-25 5.436772971201159462e-25 6.656011604550030408e-25 3.537099118132973016e-25 6.070287290461947784e-25 5.840487045544455525e-25 5.120505084675863104e-25 5.171462655487728288e-25
3.904800147877249542e-24 4.471510018170777573e-24 3.738450862131396216e-24 3.348815772140406766e-24 2.790984037675003849e-24 2.890273827833384296e-24 2.479384686156332890e-24 2.499480367365591804e-24 2.323154289460663261e-24 2.528960797676667526e-24 2.219264060782653782e-24 2.701837442916910075e-24 2.340621572797041635e-24 2.199597747998861054e-24 1.802839152868303366e-24 2.669893482289908828e-24 2.009664082905329856e-24 1.838965433862579288e-24 1.977393424082088898e-24 1.889471435069842349e-24 1.082528957917769077e-23 1.770484224725022494e-24 1.921059509764784305e-24 1.396955893186207117e-24 1.709487541288488103e-24 1.416911551160672408e-24 1.300863961145826662e-24 1.191492174340793170e-24 1.001540309331439559e-24 8.176166268681246289e-25 8.980335359766921855e-25 7.942764439863011359e-25 7.015013326176454825e-25 9.749337578902145580e-25 6.269808079785069088e-25 8.183451207153690950e-25 5.240292146253792072e-25 7.050105296033065262e-25 6.475437509762357270e-25 2.535926775891252558e-25 6.933065857248622589e-25 8.106468579451818500e-25 8.639717336510684384e-25 3.348881528077787896e-25 7.584632593635057373e-25 3.385181236276157563e-25 2.755237486570003759e-25 1.670721936422987371e-25 7.193605307401393322e-25 3.142811158801333928e-25 2.938885417694959997e-25
3.590792704386201236e-24 3.268800739003883381e-24 3.077064419875150160e-24 2.736024220488774339e-24 2.230854608921040693e-24 2.741068875848244414e-24 2.365158823193353906e-24 2.041785803625997458e-24 2.036037831393125872e-24 1.853135165929560827e-24 1.868953497714255894e-24 2.027689606599896215e-24 1.839169791141175895e-24 1.900852742416252907e-24 1.563273438043483348e-24 2.245958256209714316e-24 1.895810810443836752e-24 1.731480938738530179e-24 1.933419250141112503e-24 1.578578344791913518e-24 1.770484224725022494e-24 1.202368462003340738e-23 1.752269137024308669e-24 1.492725846174310838e-24 1.356821839240483204e-24 1.242284674679036293e-24 1.317060737444251249e-24 1.158950230065987407e-24 9.801776274928579367e-25 9.003130332752962462e-25 7.602695615161100853e-25 9.043667422451460341e-25 6.912886460737965561e-25 5.715593375631211908e-25 7.367990901078989958e-25 6.846864328649260944e-25 6.638169564479812799e-25 6.274453718455916243e-25 7.877532891964060518e-25 3.212989681353719306e-25 4.248236452397095488e-25 6.354816966073576606e-25 4.470601829732022486e-25 3.724209254955435804e-25 4.379776164044621274e-25 2.733778109266181626e-25 4.511294264837536326e-25 3.191934960015417049e-25 5.127918739055889200e-25 4.257456198449468780e-25 1.886546058279543229e-25
3.986285361681302886e-24 3.930932706762402061e-24 3.566473697671801168e-24 3.427089368686162193e-24 2.797656590823661174e-24 3.074365116216352918e-24 2.949368775575306631e-24 2.579959564763372509e-24 2.588835007106270800e-24 2.538830682193396182e-24 2.252842133017374834e-24 2.409947283900572007e-24 2.041002439939688497e-24 2.313821589536060695e-24 1.930163879755984673e-24 2.373251051690412744e-24 2.078141296356129714e-24 2.142203177775087299e-24 1.984610694990850778e-24 1.832515765350191176e-24 1.921059509764784305e-24 1.752269137024308669e-24 9.824920063769944849e-24 1.892916150925474224e-24 1.816774964478629656e-24 1.698469493635019098e-24 1.727580236103150470e-24 1.575276516060647162e-24 1.274433639109759526e-24 1.306984351126030624e-24 1.145149462925091197e-24 1.228183937909774162e-24 7.979081013461061053e-25 8.029177469333826576e-25 7.615418709055726702e-25 9.677559480672312422e-25 6.468698196314823025e-25 8.116672333078208028e-25 5.685681732991532321e-25 4.113788030603101847e-25 4.361479948192085740e-25 8.998150806642416337e-25 4.443081774825398158e-25 2.363582933794527633e-25 4.656465256198696480e-25 6.040074432560307159e-25 6.168569445877377819e-25 1.849102594777744955e-25 5.239572950709718786e-25 2.734066316246103002e-25 3.138807433426222853e-25
3.509935388349847657e-24 3.601448062779061860e-24 3.323230787699836890e-24 3.025083463314806793e-24 2.621693137977640824e-24 2.774641675667289452e-24 2.664307247310084979e-24 2.494299873524479982e-24 2.164670073443413664e-24 2.352378449691972740e-24 1.938050037601838810e-24 1.904076230116439056e-24 1.929248413094604587e-24 1.820561665014261972e-24 1.673519764521755748e-24 2.383487259947622529e-24 1.786843355318435678e-24 1.578216196926619283e-24 1.725798342717703232e-24 1.581807416506573458e-24 1.396955893186207117e-24 1.492725846174310838e-24 1.892916150925474224e-24 1.320099876553316160e-23 1.903645712182273920e-24 1.559677898427446010e-24 1.597164518358676167e-24 1.327981242109209812e-24 1.334902763427414353e-24 1.206373149178064161e-24 1.147199581002675564e-24 9.575733750975872558e-25 1.004205932950780848e-24 5.766990300365852822e-25 5.839496893709252306e-25 8.825612894301624998e-25 6.544630835112005142e-25 5.563286906784688974e-25 4.971547057680697129e-25 3.471245180606231306e-25 5.491001973512781198e-25 7.043168566911452259e-25 5.653397346641834202e-25 5.173162039140055418e-25 4.695329434168385875e-25 5.763500282338008645e-25 6.398412098931478661e-25 5.359861522633184811e-25 8.479606201697170428e-25 4.162905078260327318e-25 3.649788898131876992e-25
2.848051456323258661e-24 3.756687114300018095e-24 3.133371534375934672e-24 2.580753296520068644e-24 2.434031455930550074e-24 2.252865870285599936e-24 2.234096385477603128e-24 2.377350219576079551e-24 2.493758424552735487e-24 2.504577449596796156e-24 1.983305393758618330e-24 2.198866897629970114e-24 1.791907813748342447e-24 1.974469640821088971e-24 1.756221202135288123e-24 2.063208309786380789e-24 1.819244560231310473e-24 1.757095809050458584e-24 1.634046085262932003e-24 1.497344825122125914e-24 1.709487541288488103e-24 1.356821839240483204e-24 1.816774964478629656e-24 1.903645712182273920e-24 1.140459453443361574e-23 1.669036125311044432e-24 1.467679914418211587e-24 1.155387506217943476e-24 1.207858098348883494e-24 1.329139805487145137e-24 8.408501290123773977e-25 1.185285170193823448e-24 1.137489724728144481e-24 9.222491681061981058e-25 6.492713156760026530e-25 6.073828685306681211e-25 6.503243811733281270e-25 5.582086662631563785e-25 3.924118673478643075e-25 5.128793906077215689e-25 6.100428528857438756e-25 9.219508184020834036e-25 5.187895089165573284e-25 4.080185688110845180e-25 5.848065875645734896e-25 3.644523660995710246e-25 5.591525455415447575e-25 4.560632131531255325e-25 4.377889001402007355e-25 3.512837865629575942e-25 1.223760118566225304e-25
3.863065189582700651e-24 3.486279692535022331e-24 3.301061577648289885e-24 2.846540981754142814e-24 2.793797836157216529e-24 3.329937776091288759e-24 3.117559024645918199e-24 2.661994749523183918e-24 2.666675884098848245e-24 2.568158304689082425e-24 2.103002933842600543e-24 2.103269515609582246e-24 1.722679336772908072e-24 1.626786231473578586e-24 1.647571911028973672e-24 1.996362242029562294e-24 1.612574730920765940e-24 1.410391958628659652e-24 1.949382194212644220e-24 1.196959710130137962e-24 1.416911551160672408e-24 1.242284674679036293e-24 1.698469493635019098e-24 1.559677898427446010e-24 1.669036125311044432e-24 1.284308268628204397e-23 1.674333618972572310e-24 1.270624625476780245e-24 1.211338424760942806e-24 1.165791573664375763e-24 9.401314517578951193e-25 1.164295693400165058e-24 1.093833697505951316e-24 7.246670881706869150e-25 9.966207131670089298e-25 9.756940662814753183e-25 4.052714654437677005e-25 4.410054706544723272e-25 6.856324170920267554e-25 3.682381177917442591e-25 3.940215429341882832e-25 8.910825088950220710e-25 3.094659743945029954e-25 4.740786126327254412e-25 4.097424521373122027e-25 4.216248849838071539e-25 7.845929014476938658e-25 3.674616733259095273e-25 3.520499033310707811e-25 2.065662169219747453e-25 3.854442132527565405e-25
3.979350862205865764e-24 3.776272939173464992e-24 3.448955068548924950e-24 3.180430153672618363e-24 3.176029338281226631e-24 2.718702014307788489e-24 2.585259886150849594e-24 2.398451340351364719e-24 1.922816469532901405e-24 2.309328189878033072e-24 1.923440864896871633e-24 2.046162758867601775e-24 2.027347113511811216e-24 1.798507039518606190e-24 1.437518744285803320e-24 1.798732933493544685e-24 1.798372603519450367e-24 1.389684819492388448e-24 1.501577130962437389e-24 1.770852335477478786e-24 1.300863961145826662e-24 1.317060737444251249e-24 1.727580236103150470e-24 1.597164518358676167e-24 1.467679914418211587e-24 1.674333618972572310e-24 1.170403498884693161e-23 1.470154138380918023e-24 1.167196546181921072e-24 9.368460423106020069e-25 1.132509774681434347e-24 1.240938442439018042e-24 8.307252676226778777e-25 9.597221901675481865e-25 8.883858625863244152e-25 8.644375419784226149e-25 5.834357079281173818e-25 7.382379868470508298e-25 6.388003823801622257e-25 7.319330759976324416e-25 8.181629169124296848e-25 9.653593139815944847e-25 4.982174321922836314e-25 4.103069708578259844e-25 4.687855929387746435e-25 4.374613846864032129e-25 6.226656437544809001e-25 4.033864677797227485e-25 7.330094154864110640e-25 5.320835856498956375e-25 2.919656970098125901e-25
3.054536186788691138e-24 3.310896740353895809e-24 2.857853341566740369e-24 2.382021259804149317e-24 2.179076859690972952e-24 2.459658718703105832e-24 2.104286431464431401e-24 2.172095186469155359e-24 2.062098509380331193e-24 1.912739141696459019e-24 1.616562652626616052e-24 1.495755904387566893e-24 1.710464973705721325e-24 1.445648929156241479e-24 1.481786579306793243e-24 1.799562385661510907e-24 1.142448075863686173e-24 1.429033745790857909e-24 1.289830712020322112e-24 1.189132724595229057e-24 1.191492174340793170e-24 1.158950230065987407e-24 1.575276516060647162e-24 1.327981242109209812e-24 1.155387506217943476e-24 1.270624625476780245e-24 1.470154138380918023e-24 1.053320947675886105e-23 1.402013135491894663e-24 1.105508967873254839e-24 1.057317657502617623e-24 1.125624097238894348e-24 9.067341444644863341e-25 8.743838072356600462e-25 6.271890377386363301e-25 9.952831322425014935e-25 5.184231313681856841e-25 6.880164627886939590e-25 4.383350455765925302e-25 4.418571538987565451e-25 6.255948066077210200e-25 9.581352982077059076e-25 3.522711559874732342e-25 4.085649233292482027e-25 3.294054228120711791e-25 4.392237811941451576e-25 3.923334011375570436e-25 1.734832068888962832e-25 6.107214767870521839e-25 1.218264920672935821e-25 2.843825370134878355e-25
2.869442961283735338e-24 2.551488831419847351e-24 2.336644193987169427e-24 2.352308708318961002e-24 2.396369704638155467e-24 2.004003704087657331e-24 2.066281972686811458e-24 2.138387454507446085e-24 2.090146304237105984e-24 1.821003172142074464e-24 1.400149130500374096e-24 1.329861715963412962e-24 1.581474351700254952e-24 1.543196160132274492e-24 1.420503608747448918e-24 1.555392025955718442e-24 1.254516782138245021e-24 9.848960537390492977e-25 1.113907271644967341e-24 1.052462737497575642e-24 1.001540309331439559e-24 9.801776274928579367e-25 1.274433639109759526e-24 1.334902763427414353e-24 1.207858098348883494e-24 1.211338424760942806e-24 1.167196546181921072e-24 1.402013135491894663e-24 1.534639662637771853e-23 1.309558939075872111e-24 1.044892683180582851e-24 1.042036988111849057e-24 9.402473885204617163e-25 8.762943371094862719e-25 1.044998208551716482e-24 9.269161198375591635e-25 6.319663363089896518e-25 5.681965569130905932e-25 3.473447805429290439e-25 3.744272408255230331e-25 5.051874803346566873e-25 6.668424862307352465e-25 2.393614994078552098e-25 1.681438530604395465e-25 3.306445798878123412e-25 3.022460269642106549e-25 5.859969906275608713e-25 2.256606849284405816e-25 5.557408038523695657e-25 2.086258750109838956e-25 1.875984601875502688e-25
2.833994173491087944e-24 3.584631617818659213e-24 2.371737654524285410e-24 2.647876959009094338e-24 2.727693252031101408e-24 2.299503012822988096e-24 1.669377979260337601e-24 2.302190835060069377e-24 1.645217019423012405e-24 1.611951690204709652e-24 1.664611793884746065e-24 1.457091410181741097e-24 1.260288355676096189e-24 1.661174488365356241e-24 1.146367696983797405e-24 1.447178287121577884e-24 1.124373039421094504e-24 1.065163425791148053e-24 1.184395725727028587e-24 1.128374103974532944e-24 8.176166268681246289e-25 9.003130332752962462e-25 1.306984351126030624e-24 1.206373149178064161e-24 1.329139805487145137e-24 1.165791573664375763e-24 9.368460423106020069e-25 1.105508967873254839e-24 1.309558939075872111e-24 1.120469903587439111e-23 1.057649657087409872e-24 1.137938647049136520e-24 7.739687101988606508e-25 5.956449449753840708e-25 8.949950722244048444e-25 1.033803414558985652e-24 7.457366799862971236e-25 6.594486898132757983e-25 4.530126438647342934e-25 6.062166260839055589e-25 4.360770747417486441e-25 6.582427883343847678e-25 6.241292507419923997e-25 6.000412056924741922e-25 3.284720890932131702e-25 4.412913900110866062e-25 4.493349217482466277e-25 4.089622081481444789e-25 5.158903538277308726e-25 4.747097605062883205e-25 2.823844316034617662e-25
2.496509606829629334e-24 2.899004945922196904e-24 3.141783434000451310e-24 2.337111751919180097e-24 2.131293426649430113e-24 1.899259919913090611e-24 1.670436955892926307e-24 1.866185905702858239e-24 1.630405240746791050e-24 1.616513849954098397e-24 1.149673219837382857e-24 9.114254833584128212e-25 1.660599464968490551e-24 1.245920182045589366e-24 1.275585998530147836e-24 1.225033192629723101e-24 1.219358423855284501e-24 1.089625891610367361e-24 1.139867285543726569e-24 8.595995404680576586e-25 8.980335359766921855e-25 7.602695615161100853e-25 1.145149462925091197e-24 1.147199581002675564e-24 8.408501290123773977e-25 9.401314517578951193e-25 1.132509774681434347e-24 1.057317657502617623e-24 1.044892683180582851e-24 1.057649657087409872e-24 1.743138045948635570e-23 1.056844089830542204e-24 9.864431182262100100e-25 8.062424068504095850e-25 1.256253065303947406e-24 1.093063972425915305e-24 7.266664941168377366e-25 8.383709771594426612e-25 5.905503679353444525e-25 4.632135399593589556e-25 7.021192676306659849e-25 6.886142620573987394e-25 5.092816935381014930e-25 7.074810340449709156e-25 3.018212998280214924e-25 2.692598851953602521e-25 2.421436755843723892e-25 -1.239424792561765394e-26 3.943858139148508933e-25 2.619519264333239384e-25 2.466307818187623238e-26
